att <- 
structure(list(EIN = c(42375956L, 112348051L, 112461900L, 112905556L, 
131954023L, 132707879L, 132841179L, 132851858L, 132894677L, 132922147L, 
132976318L, 133100070L, 133194182L, 133347505L, 133364209L, 133651409L, 
134076596L, 135562357L, 135668076L, 140461180L, 141338302L, 141338303L, 
141338304L, 141338305L, 141338307L, 141338308L, 141338309L, 141338310L, 
141338371L, 141338455L, 141338457L, 141338477L, 141338500L, 141338522L, 
141338579L, 141340033L, 141340098L, 141340122L, 141340125L, 141343047L, 
141343061L, 141344803L, 141348692L, 141364462L, 141364475L, 141368361L, 
141392442L, 141397537L, 141411559L, 141422262L, 141423161L, 141425851L, 
141438749L, 141462965L, 141463151L, 141470222L, 141470266L, 141501684L, 
141503972L, 141505623L, 141539594L, 141540533L, 141554346L, 141557371L, 
141564208L, 141588254L, 141592998L, 141593757L, 141599643L, 141601651L, 
141604145L, 141610149L, 141610773L, 141619174L, 141624475L, 141635255L, 
141641368L, 141641730L, 141643947L, 141645413L, 141650131L, 141653755L, 
141666321L, 141667372L, 141674840L, 141693729L, 141696241L, 141700765L, 
141700998L, 141708151L, 141708276L, 141708404L, 141711633L, 141717464L, 
141717564L, 141724900L, 141726531L, 141728617L, 141730707L, 141731102L, 
141733312L, 141734288L, 141738782L, 141746847L, 141753475L, 141755337L, 
141760827L, 141762881L, 141767084L, 141767866L, 141776509L, 141777470L, 
141778951L, 141781912L, 141782329L, 141784402L, 141786116L, 141786202L, 
141788662L, 141790346L, 141802637L, 141802640L, 141805236L, 146000805L, 
146013010L, 146018444L, 146018824L, 146023119L, 146029900L, 146029915L, 
146035512L, 146050436L, 146140338L, 161019635L, 161098416L, 161218560L, 
161266087L, 161523515L, 161532850L, 222186087L, 222202901L, 222219546L, 
222233947L, 222235025L, 222262982L, 222269619L, 222322510L, 222332809L, 
222353905L, 222356004L, 222366576L, 222400593L, 222405608L, 222428275L, 
222467331L, 222484705L, 222545176L, 222546680L, 222567304L, 222577232L, 
222635792L, 222677998L, 222684595L, 222702507L, 222706505L, 222708051L, 
222714165L, 222714874L, 222805163L, 222843206L, 222880333L, 222880959L, 
222908723L, 222954760L, 223010593L, 223036542L, 223078866L, 223108995L, 
223118582L, 223125348L, 237081198L, 237120570L, 237120738L, 237125111L, 
237192982L, 237204564L, 237219737L, 237304977L, 237361802L, 237380514L, 
237401865L, 237442294L, 310902843L, 311449752L, 521289396L, 112999677L, 
131624195L, 133421324L, 141364505L, 141430389L, 141468380L, 141505926L, 
141536782L, 141570047L, 141593530L, 141623275L, 141628657L, 141632376L, 
141666412L, 141672333L, 141720805L, 141731746L, 141736856L, 141789430L, 
141798854L, 141803886L, 141808407L, 141810209L, 141813299L, 141819263L, 
146031098L, 146032452L, 146036119L, 161387777L, 161390774L, 161522028L, 
161527073L, 161560721L, 222218832L, 222272582L, 222324223L, 222360736L, 
222438437L, 237154626L, 43383429L, 141338448L, 141635358L, 141684441L, 
141756616L, 141756748L, 141772433L, 141783039L, 141813116L, 141817369L, 
141822059L, 141823014L, 141828154L, 146037204L, 161027136L, 161068603L, 
161510020L, 222571353L, 223057179L, 311642434L, 330532379L, 742952223L, 
912078726L), NAME = c("OUTWARD BOUND INC                                               ", 
"EARLY CARE AND LEARNING COUNCIL                                 ", 
"NEW YORK STATE DEFENDERS ASSOCIATION INC                        ", 
"FRANCISCAN HEALTH PARTNERSHIP INC                               ", 
"MENTAL HEALTH ASSOCIATION IN NEW YORK STATE INC                 ", 
"COMMISSION ON INDEPENDENT COLLEGES & UNIVERSITIES               ", 
"NEW YORK STATE INDUSTRIES FOR THE DISABLED INC                  ", 
"PRISONERS LEGAL SERVICES OF NEW YORK INC                        ", 
"CAPITAL REPERTORY COMPANY INC                                   ", 
"WHITNEY M YOUNG JR HEALTH CENTER INC                            ", 
"L ENSEMBLE DU MUSIQUE INC                                       ", 
"NEW YORK STATE ASSOCIATION OF COMMUNITY AND RESIDENTIAL AGNC    ", 
"THE OLEY FOUNDATION INC                                         ", 
"NEW YORK STATE LABOR COMMUNITY SERVICES AGENCY INC              ", 
"PUBLIC POLICY AND EDUCATION FUND                                ", 
"STATEWIDE LABOR COORDINATION PROGRAM INC                        ", 
NA, "SCHUYLER CENTER FOR ANALYSIS AND ADVOCACY INC                   ", 
"INDEPENDENT COLLEGE FUND                                        ", 
"ALBANY ACADEMY FOR GIRLS                                        ", 
"NORTHEASTERN ASSOCIATION OF THE BLIND AT ALBANY INC             ", 
"BOYS AND GIRLS CLUBS OF ALBANY INC                              ", 
"ALBANY CATHOLIC PRESS ASSN INC                                  ", 
"UNITED WAY OF NORTHEASTERN NEW YORK                             ", 
"ALBANY MEDICAL CENTER HOSPITAL                                  ", 
"JEWISH FAMILY SERVICES OF NORTHEASTERN NEW YORK                 ", 
"ALBANY LAW SCHOOL                                               ", 
"ALBANY MEDICAL COLLEGE                                          ", 
"COLLEGE OF SAINT ROSE                                           ", 
"ST CATHERINES CENTER FOR CHILDREN                               ", 
"ALBANY MEMORIAL HOSPITAL                                        ", 
"FAMILY AND CHILDRENS SERVICE OF THE CAPITAL REGION INC          ", 
"ST CLARES HOSPITAL OF SCHENECTADY NEW YORK                      ", 
"ST MARGARETS HOUSE AND HOSPITAL FOR BABIES                      ", 
"ALBANY ACADEMY                                                  ", 
"CATHOLIC CHARITIES OF DIOCESE OF ALBANY                         ", 
"SAINT ANNE INSTITUTE                                            ", 
"TRINITY INSTITUTION-HOMER PERKINS CENTER INC                    ", 
"VISITING NURSE ASSOCIATION OF ALBANY INC                        ", 
"NEW YORK COUNCIL OF NONPROFITS INC                              ", 
"ALBANY INSTITUTE OF HISTORY AND ART                             ", 
"DAUGHTERS OF SARAH JEWISH FOUNDATION INC                        ", 
"ST PETERS HOSPITAL                                              ", 
"ALBANY JEWISH COMMUNITY CENTER                                  ", 
"BENDER HYGIENIC LABORATORY INC                                  ", 
"RESEARCH FOUNDATION OF STATE UNIVERSITY OF NEW YORK             ", 
"SENIOR SERVICE CENTERS OF THE ALBANY AREA INC                   ", 
"UNIVERSITY AUXILIARY SERVICES AT ALBANY INC                     ", 
"ARTHRITIS FOUNDATION INC                                        ", 
"SIGHT CONSERVATION OF N E N Y INC                               ", 
"ALBANY COLLEGE OF PHARMACY AND HEALTH SCIENCES                  ", 
"CENTER FOR DISABILITY SERVICES INC                              ", 
"VILLA MARY IMMACULATE                                           ", 
"NEW YORK PLANNING FEDERATION                                    ", 
"MARIA COLLEGE                                                   ", 
"BET SHRAGA HEBREW ACADEMY OF THE CAPITAL DISTRICT               ", 
"GIRL SCOUTS MOHAWK PATHWAYS COUNCIL INC                         ", 
"CAPITAL DISTRICT LIBRARY COUNCIL FOR REFERENCE & RESEARCH RE    ", 
"UNIVERSITY AT ALBANY FOUNDATION                                 ", 
"THE COMMUNITY FOUNDATION FOR THE GREATER CAPITAL REGION INC     ", 
"TERESIAN HOUSE NURSING HOME CO INC                              ", 
"HOSPITALITY HOUSE THERAPEUTIC COMMUNITY INC                     ", 
"EQUINOX INC                                                     ", 
"UNITED TENANTS OF ALBANY INC                                    ", 
"LIVING RESOURCES CORP                                           ", 
"MC AULEY LIVING SERVICES                                        ", 
"ARBOR HILL ALCOHOLISM PROGRAM INCORPORATED                      ", 
"H H FUNDING CORP INC                                            ", 
"UNIVERSITY OF THE STATE OF N Y                                  ", 
"UNITED STATES CATHOLIC CONFERENCE                               ", 
"SOUTH END IMPROVEMENT CORPORATION                               ", 
